
This solution was completed by:
<student name>

Insertion Sort (sorted order)
Test size Test #1  Test #2  Test #3  Test #4  Average  Increase
4000      0.004    0.004    0.004    0.004    0.004    N/A
8000      0.006    0.006    0.006    0.005    0.006    1.438    
16000     0.010    0.010    0.009    0.016    0.011    1.957    
32000     0.030    0.028    0.019    0.018    0.024    2.111    
64000     0.035    0.037    0.035    0.036    0.036    1.505    

Insertion Sort (reverse sorted order)
Test size Test #1  Test #2  Test #3  Test #4  Average  Increase
4000      0.032    0.019    0.017    0.017    0.021    N/A
8000      0.056    0.056    0.057    0.056    0.056    2.647    
16000     0.209    0.210    0.209    0.210    0.210    3.724    
32000     0.817    0.821    0.822    0.820    0.820    3.914    

quicksort (random)
Test size Test #1  Test #2  Test #3  Test #4  Test #5  Test #6  Test #7  Test #8  Test #9  Test #10 Test #11 Test #12 Average  Increase
4000      0.007    0.006    0.006    0.005    0.005    0.006    0.005    0.005    0.006    0.005    0.006    0.005    0.006    N/A
8000      0.009    0.010    0.010    0.010    0.010    0.009    0.010    0.010    0.010    0.010    0.010    0.010    0.010    1.761    
16000     0.018    0.022    0.019    0.019    0.018    0.017    0.017    0.018    0.017    0.017    0.017    0.018    0.018    1.839    
32000     0.036    0.037    0.035    0.034    0.035    0.035    0.035    0.027    0.023    0.023    0.023    0.023    0.031    1.687    
64000     0.045    0.045    0.045    0.045    0.050    0.045    0.046    0.045    0.045    0.044    0.045    0.046    0.045    1.492    
128000    0.093    0.091    0.100    0.092    0.093    0.092    0.091    0.093    0.091    0.091    0.093    0.101    0.093    2.053    
256000    0.198    0.222    0.244    0.214    0.192    0.263    0.285    0.229    0.192    0.189    0.218    0.192    0.220    2.353    
512000    0.392    0.384    0.380    0.388    0.384    0.544    0.387    0.497    0.416    0.484    0.437    0.385    0.423    1.925    

quicksort (duplicates)
Test size Test #1  Test #2  Test #3  Test #4  Test #5  Test #6  Test #7  Test #8  Test #9  Test #10 Test #11 Test #12 Average  Increase
4000      0.008    0.008    0.008    0.008    0.008    0.008    0.007    0.008    0.008    0.007    0.008    0.007    0.008    N/A
8000      0.019    0.020    0.019    0.019    0.020    0.019    0.019    0.020    0.019    0.019    0.019    0.019    0.019    2.484    
16000     0.057    0.057    0.057    0.057    0.057    0.059    0.057    0.057    0.057    0.057    0.058    0.059    0.057    2.983    
32000     0.196    0.196    0.197    0.203    0.180    0.187    0.181    0.182    0.185    0.180    0.180    0.179    0.187    3.260    
64000     0.678    0.675    0.693    0.686    0.704    0.703    0.700    0.707    0.703    0.699    0.701    0.718    0.697    3.725    

Mystery 1
Test size Test #1  Test #2  Test #3  Test #4  Test #5  Test #6  Average  Increase
4000      0.010    0.010    0.009    0.006    0.005    0.006    0.008    N/A
8000      0.009    0.009    0.009    0.009    0.009    0.009    0.009    1.174    
16000     0.018    0.017    0.066    0.018    0.018    0.018    0.026    2.870    
32000     0.035    0.034    0.034    0.035    0.034    0.036    0.035    1.342    
64000     0.069    0.069    0.047    0.058    0.041    0.041    0.054    1.562    
128000    0.083    0.084    0.083    0.137    0.138    0.083    0.101    1.871    
256000    0.175    0.169    0.174    0.247    0.185    0.171    0.187    1.844    
512000    0.341    0.424    0.338    0.351    0.363    0.345    0.360    1.929    

Mystery 2
Test size Test #1  Test #2  Test #3  Average  Increase
4000      0.011    0.023    0.011    0.015    N/A
8000      0.035    0.035    0.034    0.035    2.311    
16000     0.130    0.130    0.129    0.130    3.740    
32000     0.501    0.500    0.500    0.500    3.859    

Mystery 3
Test size Test #1  Test #2  Test #3  Test #4  Average  Increase
4000      0.023    0.028    0.022    0.022    0.024    N/A
8000      0.048    0.049    0.048    0.049    0.049    2.042    
16000     0.108    0.108    0.108    0.108    0.108    2.227    
32000     0.241    0.251    0.240    0.239    0.243    2.248    
64000     0.527    0.524    0.531    0.525    0.527    2.170    

This solution was completed by:
<student name>

